delta-sat with the following box:
	Kd_0_0 : [0, 0];
	Kd_0_t : [0, 0];
	Ki_0_0 : [0, 0];
	Ki_0_t : [0, 0];
	Kp_0_0 : [0.1873141244829035, 0.1873141244829035];
	Kp_0_t : [0.1873141244829035, 0.1873141244829035];
	counter_0_0 : [0, 4.940656458412465e-324];
	counter_0_t : [0.09999999999999999, 0.1];
	e_0_0 : [0.01842024062260705, 0.01907074415518473];
	e_0_t : [0.01842024062260705, 0.01907074415518473];
	e_der_0_0 : [0.9777265247656606, 0.978637954068847];
	e_der_0_t : [0.9777265247656606, 0.978637954068847];
	e_int_0_0 : [-0.2601619432793761, -0.2591726310321215];
	e_int_0_t : [-0.2601619432793761, -0.2591726310321215];
	lambda_0_0 : [14.71842024062261, 14.71907074415518];
	lambda_0_t : [14.69429990403539, 14.69481262591796];
	lambda_prev_0_0 : [14.71842024062261, 14.71907074415518];
	lambda_prev_0_t : [14.71842024062261, 14.71907074415518];
	p_0_0 : [0.9988094435058851, 0.9988094435058884];
	p_0_t : [0.9988094435058887, 0.9988094435058918];
	pe_0_0 : [0.8354263315122924, 0.8354263384442414];
	pe_0_t : [0.835358369181861, 0.8353583748967646];
	tau_0_0 : [0.6999999867274683, 0.7000000000000008];
	tau_0_t : [0.7999999867274682, 0.8000000000000009];
	the_0_0 : [32.31604201573541, 32.31604201573656];
	the_0_t : [32.31604201576333, 32.31604201576451];
	the_in_0_0 : [32.31604201577989, 32.31604201577991];
	the_in_0_t : [32.31604201577989, 32.31604201577991];
	time : [0.09999999999999995, 0.1];
	time_mock_0_0 : [0, 0];
	time_mock_0_t : [0.09999999999999995, 0.1];
	u_0_0 : [0.003450371244988054, 0.003572219744665877];
	u_0_t : [0.003450371244988054, 0.003572219744665877];
	w_0_0 : [106.0054455078404, 106.0054455078405];
	w_0_t : [106.0054455078404, 106.0054455078405]