delta-sat with the following box:
	Kd_0_0 : [0, 0];
	Kd_0_t : [0, 0];
	Ki_0_0 : [0, 0];
	Ki_0_t : [0, 0];
	Kp_0_0 : [0.1873141244829035, 0.1873141244829035];
	Kp_0_t : [0.1873141244829035, 0.1873141244829035];
	counter_0_0 : [0, 4.940656458412465e-324];
	counter_0_t : [0.09999999999999999, 0.1];
	e_0_0 : [-0.01071629707069199, -0.009981996287255155];
	e_0_t : [-0.01071629707069199, -0.009981996287255155];
	e_der_0_0 : [-0.2086724099482318, -0.2081523901772575];
	e_der_0_t : [-0.2086724099482318, -0.2081523901772575];
	e_int_0_0 : [-0.2290396713694648, -0.2284550484359575];
	e_int_0_t : [-0.2290396713694648, -0.2284550484359575];
	lambda_0_0 : [14.68928370292931, 14.69001800371274];
	lambda_0_t : [14.6955626432397, 14.69614518550704];
	lambda_prev_0_0 : [14.68928370292931, 14.69001800371274];
	lambda_prev_0_t : [14.68928370292931, 14.69001800371274];
	p_0_0 : [0.9984471006829133, 0.9984471006829173];
	p_0_t : [0.9984471006829134, 0.9984471006829172];
	pe_0_0 : [0.8368856483780119, 0.8368856730881065];
	pe_0_t : [0.8365467148307379, 0.8365467350690532];
	tau_0_0 : [0.2999999999999989, 0.3];
	tau_0_t : [0.3999999999999988, 0.4000000000000001];
	the_0_0 : [30.51923960246258, 30.51923960246717];
	the_0_t : [30.51923960246236, 30.51923960246738];
	the_in_0_0 : [30.51923964723288, 30.51923964723289];
	the_in_0_t : [30.51923964723288, 30.51923964723289];
	time : [0.09999999999999996, 0.1];
	time_mock_0_0 : [0, 0];
	time_mock_0_t : [0.09999999999999996, 0.1];
	u_0_0 : [-0.002007313803495375, -0.001869768895138793];
	u_0_t : [-0.002007313803495375, -0.001869768895138793];
	w_0_0 : [109.0480458912231, 109.0480458912232];
	w_0_t : [109.0480458912231, 109.0480458912232]