delta-sat with the following box:
	c1_0_0 : [3, 3];
	c1_0_t : [3.665091093595683, 3.665091167659873];
	c1_1_0 : [3.665091093595683, 3.665091167659873];
	c1_1_t : [4.408718060329945, 4.408718202928805];
	c1_2_0 : [4.408718060329945, 4.408718202928805];
	c1_2_t : [5.028070583503246, 5.028070794113637];
	c1_3_0 : [5.028070583503246, 5.028070794113637];
	c1_3_t : [5.554921635429631, 5.554921915482613];
	c2_0_0 : [3, 3];
	c2_0_t : [3.053013237934503, 3.053013245210671];
	c2_1_0 : [3.053013237934503, 3.053013245210671];
	c2_1_t : [3.144866521092214, 3.144866541671392];
	c2_2_0 : [3.144866521092214, 3.144866541671392];
	c2_2_t : [3.25780430600358, 3.257804345150401];
	c2_3_0 : [3.25780430600358, 3.257804345150401];
	c2_3_t : [3.387412123425618, 3.387412184971499];
	cp_0_0 : [3, 3];
	cp_0_t : [4.594256098795499, 4.594256165253491];
	cp_1_0 : [4.594256098795499, 4.594256165253491];
	cp_1_t : [5.181193908326476, 5.181194049259726];
	cp_2_0 : [5.181193908326476, 5.181194049259726];
	cp_2_t : [5.668301560674291, 5.668301787287509];
	cp_3_0 : [5.668301560674291, 5.668301787287509];
	cp_3_t : [6.101345936955567, 6.101346250446751];
	du0_0_0 : [350, 350];
	du0_0_t : [350, 350];
	du0_1_0 : [350, 350];
	du0_1_t : [350, 350];
	du0_2_0 : [350, 350];
	du0_2_t : [350, 350];
	du0_3_0 : [350, 350];
	du0_3_t : [350, 350];
	du1_0_0 : [350, 350];
	du1_0_t : [350, 350];
	du1_1_0 : [350, 350];
	du1_1_t : [350, 350];
	du1_2_0 : [350, 350];
	du1_2_t : [350, 350];
	du1_3_0 : [350, 350];
	du1_3_t : [350, 350];
	du2_0_0 : [350, 350];
	du2_0_t : [350, 350];
	du2_1_0 : [350, 350];
	du2_1_t : [350, 350];
	du2_2_0 : [350, 350];
	du2_2_t : [350, 350];
	du2_3_0 : [350, 350];
	du2_3_t : [350, 350];
	du3_0_0 : [350, 350];
	du3_0_t : [350, 350];
	du3_1_0 : [350, 350];
	du3_1_t : [350, 350];
	du3_2_0 : [350, 350];
	du3_2_t : [350, 350];
	du3_3_0 : [350, 350];
	du3_3_t : [350, 350];
	tau_0_0 : [0, 0];
	tau_0_t : [15, 15];
	tau_1_0 : [0, 0];
	tau_1_t : [15, 15];
	tau_2_0 : [0, 0];
	tau_2_t : [15, 15];
	tau_3_0 : [0, 0];
	tau_3_t : [15, 15];
	time_0 : [14.99999991059303, 15];
	time_1 : [14.99999991059303, 15];
	time_2 : [14.99999991059303, 15];
	time_3 : [14.99999991804361, 15];
	u_0_0 : [7350, 7350];
	u_0_t : [7349.955607781093, 7349.95576889791];
	u_1_0 : [7699.955607781093, 7699.95576889791];
	u_1_t : [7699.911215562186, 7699.911537795821];
	u_2_0 : [8049.911215562186, 8049.911537795821];
	u_2_t : [8049.866823343277, 8049.867306693734];
	u_3_0 : [8399.866823343276, 8399.867306693734];
	u_3_t : [8399.82244507324, 8399.823073563703]