delta-sat with the following box:
	mode_0 : [1, 1];
	n_0_0 : [5.841247558593749e-06, 1.16824951171875e-05];
	n_0_t : [5.841247558593749e-06, 1.16824951171875e-05];
	r_0_0 : [0.6171880000000001, 0.6171956289062502];
	r_0_t : [0.6171880000000001, 0.6171956289062502];
	time_0 : [0, 7.62939453125e-06];
	x_0_0 : [0.6171880000000001, 0.6171956289062502];
	x_0_t : [0.6171880000000001, 0.6171956289062502]
