delta-sat with the following box:
	mode_0 : [1, 1];
	n_0_0 : [0, 9.541015624998971e-07];
	n_0_t : [0, 9.541015624998971e-07];
	r_0_0 : [0.9990230000000002, 0.9990239541015627];
	r_0_t : [0.9990230000000002, 0.9990239541015627];
	time_0 : [9.5367431640625e-07, 1.9073486328125e-06];
	x_0_0 : [0.9990230000000002, 0.9990239541015627];
	x_0_t : [0.9990230000000002, 0.9990239541015627]
