delta-sat with the following box:
	mode_0 : [1, 1];
	n_0_0 : [7.51019287109375e-06, 1.50203857421875e-05];
	n_0_t : [7.51019287109375e-06, 1.50203857421875e-05];
	r_0_0 : [0.5078120000000001, 0.5078196298828126];
	r_0_t : [0.5078120000000001, 0.5078196298828126];
	time_0 : [0, 7.62939453125e-06];
	x_0_0 : [0.5078120000000001, 0.5078196298828126];
	x_0_t : [0.5078120000000001, 0.5078196298828126]
