delta-sat with the following box:
	mode_0 : [1, 1];
	n_0_0 : [0, 7.62939453125e-06];
	n_0_t : [0, 7.62939453125e-06];
	r_0_0 : [-0, 7.62939453125e-06];
	r_0_t : [-0, 7.62939453125e-06];
	time_0 : [7.62939453125e-06, 1.52587890625e-05];
	x_0_0 : [0, 7.62939453125e-06];
	x_0_t : [0, 7.62939453125e-06]
