delta-sat with the following box:
	mode_0 : [1, 1];
	n_0_0 : [5.960464477539063e-06, 1.192092895507813e-05];
	n_0_t : [5.960464477539063e-06, 1.192092895507813e-05];
	r_0_0 : [0.609375, 0.6093826298828125];
	r_0_t : [0.609375, 0.6093826298828125];
	time_0 : [0, 7.62939453125e-06];
	x_0_0 : [0.609375, 0.6093826298828125];
	x_0_t : [0.609375, 0.6093826298828125]
