delta-sat with the following box:
	mode_0 : [1, 1];
	n_0_0 : [0.25, 0.2500076293945313];
	n_0_t : [0.25, 0.2500076293945313];
	r_0_0 : [0.6249923707218841, 0.625];
	r_0_t : [0.6249923707218841, 0.625];
	time_0 : [7.62939453125e-06, 1.52587890625e-05];
	x_0_0 : [0.6249923707218841, 0.625];
	x_0_t : [0.6249923707218841, 0.625]
