delta-sat with the following box:
	mode_0 : [1, 1];
	n_0_0 : [0.4116077594324817, 0.4116155450994318];
	n_0_t : [0.4116077594324817, 0.4116155450994318];
	r_0_0 : [0.5156236237361412, 0.515625];
	r_0_t : [0.5156236237361412, 0.515625];
	time_0 : [7.62939453125e-06, 1.52587890625e-05];
	x_0_0 : [0.5156236237361412, 0.515625];
	x_0_t : [0.5156236237361412, 0.515625]
