delta-sat with the following box:
	mode_0 : [1, 1];
	n_0_0 : [0.0004873285506758436, 0.0004882800000000001];
	n_0_t : [0.0004873285506758436, 0.0004882800000000001];
	r_0_0 : [0.9990248673548936, 0.9990258178750704];
	r_0_t : [0.9990248673548936, 0.9990258178750704];
	time_0 : [0, 9.5367431640625e-07];
	x_0_0 : [0.9990248673548936, 0.9990258178750704];
	x_0_t : [0.9990248673548936, 0.9990258178750704]
