delta-sat with the following box:
	mode_0 : [1, 1];
	n_0_0 : [0.2579454107154823, 0.2579528260427835];
	n_0_t : [0.2579454107154823, 0.2579528260427835];
	r_0_0 : [0.6171736688413501, 0.6171808344206751];
	r_0_t : [0.6171736688413501, 0.6171808344206751];
	time_0 : [0, 7.62939453125e-06];
	x_0_0 : [0.6171736688413501, 0.6171808344206751];
	x_0_t : [0.6171736688413501, 0.6171808344206751]
